[(0.0, 6.525), (0.0, 7.475), (27.398217, 7.475), (27.398217, 6.525), (0.0, 6.525)] call_forward
[(29.447422, 6.525), (29.447422, 7.475), (56.777191, 7.475), (56.777191, 6.525), (29.447422, 6.525)] call_forward
[(57.061094, 6.525), (57.061094, 7.475), (84.567854, 7.475), (84.567854, 6.525), (57.061094, 6.525)] call_forward
[(84.941772, 6.525), (84.941772, 7.475), (113.08408, 7.475), (113.08408, 6.525), (84.941772, 6.525)] call_forward
[(6258.745463, 6.525), (6258.745463, 7.475), (6285.991009, 7.475), (6285.991009, 6.525), (6258.745463, 6.525)] call_forward
[(6289.916331, 6.525), (6289.916331, 7.475), (6317.304532, 7.475), (6317.304532, 6.525), (6289.916331, 6.525)] call_forward
[(6317.653202, 6.525), (6317.653202, 7.475), (6345.526808, 7.475), (6345.526808, 6.525), (6317.653202, 6.525)] call_forward
[(6345.87807, 6.525), (6345.87807, 7.475), (6374.058779, 7.475), (6374.058779, 6.525), (6345.87807, 6.525)] call_forward
[(12148.93328, 6.525), (12148.93328, 7.475), (12176.567591, 7.475), (12176.567591, 6.525), (12148.93328, 6.525)] call_forward
[(12179.439991, 6.525), (12179.439991, 7.475), (12206.980287, 7.475), (12206.980287, 6.525), (12179.439991, 6.525)] call_forward
[(12207.393917, 6.525), (12207.393917, 7.475), (12235.059108, 7.475), (12235.059108, 6.525), (12207.393917, 6.525)] call_forward
[(12235.459266, 6.525), (12235.459266, 7.475), (12263.714854, 7.475), (12263.714854, 6.525), (12235.459266, 6.525)] call_forward
[(1705.259519, 6.525), (1705.259519, 7.475), (1754.175248, 7.475), (1754.175248, 6.525), (1705.259519, 6.525)] call_forward:up_pipe
[(2196.546887, 6.525), (2196.546887, 7.475), (2244.645534, 7.475), (2244.645534, 6.525), (2196.546887, 6.525)] call_forward:up_pipe
[(3010.246237, 6.525), (3010.246237, 7.475), (3058.076565, 7.475), (3058.076565, 6.525), (3010.246237, 6.525)] call_forward:up_pipe
[(3774.842882, 6.525), (3774.842882, 7.475), (3822.541115, 7.475), (3822.541115, 6.525), (3774.842882, 6.525)] call_forward:up_pipe
[(7951.731321, 6.525), (7951.731321, 7.475), (8001.367399, 7.475), (8001.367399, 6.525), (7951.731321, 6.525)] call_forward:up_pipe
[(8199.74144, 6.525), (8199.74144, 7.475), (8247.522328, 7.475), (8247.522328, 6.525), (8199.74144, 6.525)] call_forward:up_pipe
[(8725.996904, 6.525), (8725.996904, 7.475), (8774.198782, 7.475), (8774.198782, 6.525), (8725.996904, 6.525)] call_forward:up_pipe
[(9551.064703, 6.525), (9551.064703, 7.475), (9599.040022, 7.475), (9599.040022, 6.525), (9551.064703, 6.525)] call_forward:up_pipe
[(13749.687966, 6.525), (13749.687966, 7.475), (13797.737077, 7.475), (13797.737077, 6.525), (13749.687966, 6.525)] call_forward:up_pipe
[(14189.411364, 6.525), (14189.411364, 7.475), (14241.224966, 7.475), (14241.224966, 6.525), (14189.411364, 6.525)] call_forward:up_pipe
[(14683.937723, 6.525), (14683.937723, 7.475), (14731.718899, 7.475), (14731.718899, 6.525), (14683.937723, 6.525)] call_forward:up_pipe
[(15569.496484, 6.525), (15569.496484, 7.475), (15617.039998, 7.475), (15617.039998, 6.525), (15569.496484, 6.525)] call_forward:up_pipe
[(1754.671822, 6.525), (1754.671822, 7.475), (1846.213908, 7.475), (1846.213908, 6.525), (1754.671822, 6.525)] call_backward:up_pipe
[(2245.166331, 6.525), (2245.166331, 7.475), (2335.51028, 7.475), (2335.51028, 6.525), (2245.166331, 6.525)] call_backward:up_pipe
[(3058.471827, 6.525), (3058.471827, 7.475), (3149.147231, 7.475), (3149.147231, 6.525), (3058.471827, 6.525)] call_backward:up_pipe
[(3822.936536, 6.525), (3822.936536, 7.475), (3912.764041, 7.475), (3912.764041, 6.525), (3822.936536, 6.525)] call_backward:up_pipe
[(8001.885732, 6.525), (8001.885732, 7.475), (8095.461375, 7.475), (8095.461375, 6.525), (8001.885732, 6.525)] call_backward:up_pipe
[(8247.844375, 6.525), (8247.844375, 7.475), (8338.229988, 7.475), (8338.229988, 6.525), (8247.844375, 6.525)] call_backward:up_pipe
[(8774.676732, 6.525), (8774.676732, 7.475), (8864.962569, 7.475), (8864.962569, 6.525), (8774.676732, 6.525)] call_backward:up_pipe
[(9599.4765, 6.525), (9599.4765, 7.475), (9689.98704, 7.475), (9689.98704, 6.525), (9599.4765, 6.525)] call_backward:up_pipe
[(13798.185843, 6.525), (13798.185843, 7.475), (13889.808889, 7.475), (13889.808889, 6.525), (13798.185843, 6.525)] call_backward:up_pipe
[(14241.614243, 6.525), (14241.614243, 7.475), (14332.83454, 7.475), (14332.83454, 6.525), (14241.614243, 6.525)] call_backward:up_pipe
[(14732.265232, 6.525), (14732.265232, 7.475), (14821.952449, 7.475), (14821.952449, 6.525), (14732.265232, 6.525)] call_backward:up_pipe
[(15617.41046, 6.525), (15617.41046, 7.475), (15709.257121, 7.475), (15709.257121, 6.525), (15617.41046, 6.525)] call_backward:up_pipe
[(4141.561018, 6.525), (4141.561018, 7.475), (4193.410396, 7.475), (4193.410396, 6.525), (4141.561018, 6.525)] call_backward
[(5303.748333, 6.525), (5303.748333, 7.475), (5355.284912, 7.475), (5355.284912, 6.525), (5303.748333, 6.525)] call_backward
[(5634.685003, 6.525), (5634.685003, 7.475), (5686.486669, 7.475), (5686.486669, 6.525), (5634.685003, 6.525)] call_backward
[(6004.754449, 6.525), (6004.754449, 7.475), (6056.68837, 7.475), (6056.68837, 6.525), (6004.754449, 6.525)] call_backward
[(10355.986182, 6.525), (10355.986182, 7.475), (10407.836456, 7.475), (10407.836456, 6.525), (10355.986182, 6.525)] call_backward
[(10757.213887, 6.525), (10757.213887, 7.475), (10808.94557, 7.475), (10808.94557, 6.525), (10757.213887, 6.525)] call_backward
[(11276.655757, 6.525), (11276.655757, 7.475), (11328.559855, 7.475), (11328.559855, 6.525), (11276.655757, 6.525)] call_backward
[(11811.119015, 6.525), (11811.119015, 7.475), (11862.840266, 7.475), (11862.840266, 6.525), (11811.119015, 6.525)] call_backward
[(15855.552186, 6.525), (15855.552186, 7.475), (15907.736218, 7.475), (15907.736218, 6.525), (15855.552186, 6.525)] call_backward
[(16348.7038, 6.525), (16348.7038, 7.475), (16407.038038, 7.475), (16407.038038, 6.525), (16348.7038, 6.525)] call_backward
[(17044.778423, 6.525), (17044.778423, 7.475), (17096.359546, 7.475), (17096.359546, 6.525), (17044.778423, 6.525)] call_backward
[(17567.171444, 6.525), (17567.171444, 7.475), (17618.766008, 7.475), (17618.766008, 6.525), (17567.171444, 6.525)] call_backward
[(4193.450716, 6.525), (4193.450716, 7.475), (4628.651098, 7.475), (4628.651098, 6.525), (4193.450716, 6.525)] nb_sync_grad:up_pipe
[(10407.979687, 6.525), (10407.979687, 7.475), (10483.730373, 7.475), (10483.730373, 6.525), (10407.979687, 6.525)] nb_sync_grad:up_pipe
[(15907.886873, 6.525), (15907.886873, 7.475), (16418.759638, 7.475), (16418.759638, 6.525), (15907.886873, 6.525)] nb_sync_grad:up_pipe
[(6056.689074, 6.525), (6056.689074, 7.475), (6210.733952, 7.475), (6210.733952, 6.525), (6056.689074, 6.525)] nb_sync_grad
[(11862.841034, 6.525), (11862.841034, 7.475), (12095.865924, 7.475), (12095.865924, 6.525), (11862.841034, 6.525)] nb_sync_grad
[(17619.026582, 6.525), (17619.026582, 7.475), (17691.796676, 7.475), (17691.796676, 6.525), (17619.026582, 6.525)] nb_sync_grad
[(81.68653, 5.525), (81.68653, 6.475), (108.662787, 6.475), (108.662787, 5.525), (81.68653, 5.525)] call_forward
[(255.527201, 5.525), (255.527201, 6.475), (282.657633, 6.475), (282.657633, 5.525), (255.527201, 5.525)] call_forward
[(410.620591, 5.525), (410.620591, 6.475), (438.749193, 6.475), (438.749193, 5.525), (410.620591, 5.525)] call_forward
[(1443.478469, 5.525), (1443.478469, 6.475), (1470.463174, 6.475), (1470.463174, 5.525), (1443.478469, 5.525)] call_forward
[(6342.428433, 5.525), (6342.428433, 6.475), (6369.341778, 6.475), (6369.341778, 5.525), (6342.428433, 5.525)] call_forward
[(6499.521331, 5.525), (6499.521331, 6.475), (6526.4125, 6.475), (6526.4125, 5.525), (6499.521331, 5.525)] call_forward
[(6670.777121, 5.525), (6670.777121, 6.475), (6697.659299, 6.475), (6697.659299, 5.525), (6670.777121, 5.525)] call_forward
[(7655.053558, 5.525), (7655.053558, 6.475), (7681.85116, 6.475), (7681.85116, 5.525), (7655.053558, 5.525)] call_forward
[(12230.839603, 5.525), (12230.839603, 6.475), (12257.790836, 6.475), (12257.790836, 5.525), (12230.839603, 5.525)] call_forward
[(12398.477559, 5.525), (12398.477559, 6.475), (12425.326584, 6.475), (12425.326584, 5.525), (12398.477559, 5.525)] call_forward
[(12565.167616, 5.525), (12565.167616, 6.475), (12591.984642, 6.475), (12591.984642, 5.525), (12565.167616, 5.525)] call_forward
[(13447.301647, 5.525), (13447.301647, 6.475), (13474.321167, 6.475), (13474.321167, 5.525), (13447.301647, 5.525)] call_forward
[(1413.474134, 5.525), (1413.474134, 6.475), (1440.554742, 6.475), (1440.554742, 5.525), (1413.474134, 5.525)] call_forward:up_pipe
[(1922.232574, 5.525), (1922.232574, 6.475), (1949.69542, 6.475), (1949.69542, 5.525), (1922.232574, 5.525)] call_forward:up_pipe
[(2662.376051, 5.525), (2662.376051, 6.475), (2689.814161, 6.475), (2689.814161, 5.525), (2662.376051, 5.525)] call_forward:up_pipe
[(3442.888569, 5.525), (3442.888569, 6.475), (3470.0758, 6.475), (3470.0758, 5.525), (3442.888569, 5.525)] call_forward:up_pipe
[(7625.013415, 5.525), (7625.013415, 6.475), (7651.902504, 6.475), (7651.902504, 5.525), (7625.013415, 5.525)] call_forward:up_pipe
[(7927.553487, 5.525), (7927.553487, 6.475), (7955.529386, 6.475), (7955.529386, 5.525), (7927.553487, 5.525)] call_forward:up_pipe
[(8451.339103, 5.525), (8451.339103, 6.475), (8479.266522, 6.475), (8479.266522, 5.525), (8451.339103, 5.525)] call_forward:up_pipe
[(9198.912775, 5.525), (9198.912775, 6.475), (9227.036225, 6.475), (9227.036225, 5.525), (9198.912775, 5.525)] call_forward:up_pipe
[(13416.737091, 5.525), (13416.737091, 6.475), (13444.194081, 6.475), (13444.194081, 5.525), (13416.737091, 5.525)] call_forward:up_pipe
[(13916.315777, 5.525), (13916.315777, 6.475), (13944.025502, 6.475), (13944.025502, 5.525), (13916.315777, 5.525)] call_forward:up_pipe
[(14410.738014, 5.525), (14410.738014, 6.475), (14438.519738, 6.475), (14438.519738, 5.525), (14410.738014, 5.525)] call_forward:up_pipe
[(15223.489606, 5.525), (15223.489606, 6.475), (15251.564641, 6.475), (15251.564641, 5.525), (15223.489606, 5.525)] call_forward:up_pipe
[(2601.385754, 5.525), (2601.385754, 6.475), (2652.617228, 6.475), (2652.617228, 5.525), (2601.385754, 5.525)] call_backward:up_pipe
[(2768.61872, 5.525), (2768.61872, 6.475), (2819.289237, 6.475), (2819.289237, 5.525), (2768.61872, 5.525)] call_backward:up_pipe
[(3472.79588, 5.525), (3472.79588, 6.475), (3523.077632, 6.475), (3523.077632, 5.525), (3472.79588, 5.525)] call_backward:up_pipe
[(3985.490521, 5.525), (3985.490521, 6.475), (4035.351603, 6.475), (4035.351603, 5.525), (3985.490521, 5.525)] call_backward:up_pipe
[(8195.644035, 5.525), (8195.644035, 6.475), (8247.872815, 6.475), (8247.872815, 5.525), (8195.644035, 5.525)] call_backward:up_pipe
[(8609.211612, 5.525), (8609.211612, 6.475), (8661.252393, 6.475), (8661.252393, 5.525), (8609.211612, 5.525)] call_backward:up_pipe
[(9229.784849, 5.525), (9229.784849, 6.475), (9281.80979, 6.475), (9281.80979, 5.525), (9229.784849, 5.525)] call_backward:up_pipe
[(10086.238647, 5.525), (10086.238647, 6.475), (10136.512527, 6.475), (10136.512527, 5.525), (10086.238647, 5.525)] call_backward:up_pipe
[(14132.336232, 5.525), (14132.336232, 6.475), (14184.131671, 6.475), (14184.131671, 5.525), (14132.336232, 5.525)] call_backward:up_pipe
[(14608.874254, 5.525), (14608.874254, 6.475), (14660.77222, 6.475), (14660.77222, 5.525), (14608.874254, 5.525)] call_backward:up_pipe
[(15254.264081, 5.525), (15254.264081, 6.475), (15306.103391, 6.475), (15306.103391, 5.525), (15254.264081, 5.525)] call_backward:up_pipe
[(15832.42848, 5.525), (15832.42848, 6.475), (15883.242453, 6.475), (15883.242453, 5.525), (15832.42848, 5.525)] call_backward:up_pipe
[(3839.004729, 5.525), (3839.004729, 6.475), (3888.933235, 6.475), (3888.933235, 5.525), (3839.004729, 5.525)] call_backward
[(5004.34109, 5.525), (5004.34109, 6.475), (5054.807929, 6.475), (5054.807929, 5.525), (5004.34109, 5.525)] call_backward
[(5336.813562, 5.525), (5336.813562, 6.475), (5387.150641, 6.475), (5387.150641, 5.525), (5336.813562, 5.525)] call_backward
[(5706.441079, 5.525), (5706.441079, 6.475), (5756.820301, 6.475), (5756.820301, 5.525), (5706.441079, 5.525)] call_backward
[(10028.905514, 5.525), (10028.905514, 6.475), (10079.448319, 6.475), (10079.448319, 5.525), (10028.905514, 5.525)] call_backward
[(10398.170824, 5.525), (10398.170824, 6.475), (10448.606431, 6.475), (10448.606431, 5.525), (10398.170824, 5.525)] call_backward
[(10975.992314, 5.525), (10975.992314, 6.475), (11026.532079, 6.475), (11026.532079, 5.525), (10975.992314, 5.525)] call_backward
[(11511.795266, 5.525), (11511.795266, 6.475), (11562.250969, 6.475), (11562.250969, 5.525), (11511.795266, 5.525)] call_backward
[(15554.920548, 5.525), (15554.920548, 6.475), (15605.490554, 6.475), (15605.490554, 5.525), (15554.920548, 5.525)] call_backward
[(15977.079243, 5.525), (15977.079243, 6.475), (16027.522914, 6.475), (16027.522914, 5.525), (15977.079243, 5.525)] call_backward
[(16746.823537, 5.525), (16746.823537, 6.475), (16796.675051, 6.475), (16796.675051, 5.525), (16746.823537, 5.525)] call_backward
[(17268.535789, 5.525), (17268.535789, 6.475), (17318.470086, 6.475), (17318.470086, 5.525), (17268.535789, 5.525)] call_backward
[(5059.793563, 5.525), (5059.793563, 6.475), (5102.919453, 6.475), (5102.919453, 5.525), (5059.793563, 5.525)] nb_sync_grad:up_pipe
[(10454.129854, 5.525), (10454.129854, 6.475), (10497.796381, 6.475), (10497.796381, 5.525), (10454.129854, 5.525)] nb_sync_grad:up_pipe
[(16032.167047, 5.525), (16032.167047, 6.475), (16391.143778, 6.475), (16391.143778, 5.525), (16032.167047, 5.525)] nb_sync_grad:up_pipe
[(5761.665105, 5.525), (5761.665105, 6.475), (5885.740822, 6.475), (5885.740822, 5.525), (5761.665105, 5.525)] nb_sync_grad
[(11567.016445, 5.525), (11567.016445, 6.475), (11769.493555, 6.475), (11769.493555, 5.525), (11567.016445, 5.525)] nb_sync_grad
[(17324.303716, 5.525), (17324.303716, 6.475), (17368.121826, 6.475), (17368.121826, 5.525), (17324.303716, 5.525)] nb_sync_grad
[(317.368758, 4.525), (317.368758, 5.475), (344.635637, 5.475), (344.635637, 4.525), (317.368758, 4.525)] call_forward
[(489.113194, 4.525), (489.113194, 5.475), (516.219785, 5.475), (516.219785, 4.525), (489.113194, 4.525)] call_forward
[(1265.892689, 4.525), (1265.892689, 5.475), (1293.572012, 5.475), (1293.572012, 4.525), (1265.892689, 4.525)] call_forward
[(1931.280209, 4.525), (1931.280209, 5.475), (1959.914724, 5.475), (1959.914724, 4.525), (1931.280209, 4.525)] call_forward
[(6574.411533, 4.525), (6574.411533, 5.475), (6601.58254, 5.475), (6601.58254, 4.525), (6574.411533, 4.525)] call_forward
[(6735.984724, 4.525), (6735.984724, 5.475), (6762.998389, 5.475), (6762.998389, 4.525), (6735.984724, 4.525)] call_forward
[(7497.605145, 4.525), (7497.605145, 5.475), (7524.76492, 5.475), (7524.76492, 4.525), (7497.605145, 4.525)] call_forward
[(8005.935308, 4.525), (8005.935308, 5.475), (8033.944165, 5.475), (8033.944165, 4.525), (8005.935308, 4.525)] call_forward
[(12480.244861, 4.525), (12480.244861, 5.475), (12507.202174, 5.475), (12507.202174, 4.525), (12480.244861, 4.525)] call_forward
[(12712.459996, 4.525), (12712.459996, 5.475), (12739.702107, 5.475), (12739.702107, 4.525), (12712.459996, 4.525)] call_forward
[(13225.661863, 4.525), (13225.661863, 5.475), (13252.969413, 5.475), (13252.969413, 4.525), (13225.661863, 4.525)] call_forward
[(13932.711151, 4.525), (13932.711151, 5.475), (13960.374826, 5.475), (13960.374826, 4.525), (13932.711151, 4.525)] call_forward
[(1234.205655, 4.525), (1234.205655, 5.475), (1262.147856, 5.475), (1262.147856, 4.525), (1234.205655, 4.525)] call_forward:up_pipe
[(1758.855715, 4.525), (1758.855715, 5.475), (1787.00505, 5.475), (1787.00505, 4.525), (1758.855715, 4.525)] call_forward:up_pipe
[(2068.623617, 4.525), (2068.623617, 5.475), (2096.209309, 5.475), (2096.209309, 4.525), (2068.623617, 4.525)] call_forward:up_pipe
[(3063.530396, 4.525), (3063.530396, 5.475), (3091.280215, 5.475), (3091.280215, 4.525), (3063.530396, 4.525)] call_forward:up_pipe
[(7467.888495, 4.525), (7467.888495, 5.475), (7494.855632, 5.475), (7494.855632, 4.525), (7467.888495, 4.525)] call_forward:up_pipe
[(7739.263018, 4.525), (7739.263018, 5.475), (7767.1713, 5.475), (7767.1713, 4.525), (7739.263018, 4.525)] call_forward:up_pipe
[(8242.609415, 4.525), (8242.609415, 5.475), (8270.694463, 5.475), (8270.694463, 4.525), (8242.609415, 4.525)] call_forward:up_pipe
[(8804.816733, 4.525), (8804.816733, 5.475), (8832.836885, 5.475), (8832.836885, 4.525), (8804.816733, 4.525)] call_forward:up_pipe
[(13190.399179, 4.525), (13190.399179, 5.475), (13217.757577, 5.475), (13217.757577, 4.525), (13190.399179, 4.525)] call_forward:up_pipe
[(13758.70283, 4.525), (13758.70283, 5.475), (13786.327658, 5.475), (13786.327658, 4.525), (13758.70283, 4.525)] call_forward:up_pipe
[(14236.619101, 4.525), (14236.619101, 5.475), (14264.187961, 5.475), (14264.187961, 4.525), (14236.619101, 4.525)] call_forward:up_pipe
[(15046.928975, 4.525), (15046.928975, 5.475), (15074.837032, 5.475), (15074.837032, 4.525), (15046.928975, 4.525)] call_forward:up_pipe
[(3004.027784, 4.525), (3004.027784, 5.475), (3056.036346, 5.475), (3056.036346, 4.525), (3004.027784, 4.525)] call_backward:up_pipe
[(3288.14873, 4.525), (3288.14873, 5.475), (3338.951574, 5.475), (3338.951574, 4.525), (3288.14873, 4.525)] call_backward:up_pipe
[(3817.859997, 4.525), (3817.859997, 5.475), (3869.74648, 5.475), (3869.74648, 4.525), (3817.859997, 4.525)] call_backward:up_pipe
[(4622.411422, 4.525), (4622.411422, 5.475), (4673.486008, 5.475), (4673.486008, 4.525), (4622.411422, 4.525)] call_backward:up_pipe
[(8478.604967, 4.525), (8478.604967, 5.475), (8530.97007, 5.475), (8530.97007, 4.525), (8478.604967, 4.525)] call_backward:up_pipe
[(8937.412756, 4.525), (8937.412756, 5.475), (8989.697731, 5.475), (8989.697731, 4.525), (8937.412756, 4.525)] call_backward:up_pipe
[(9853.146014, 4.525), (9853.146014, 5.475), (9905.411406, 5.475), (9905.411406, 4.525), (9853.146014, 4.525)] call_backward:up_pipe
[(10656.770087, 4.525), (10656.770087, 5.475), (10713.962414, 5.475), (10713.962414, 4.525), (10656.770087, 4.525)] call_backward:up_pipe
[(14446.90165, 4.525), (14446.90165, 5.475), (14498.469415, 5.475), (14498.469415, 4.525), (14446.90165, 4.525)] call_backward:up_pipe
[(15077.609745, 4.525), (15077.609745, 5.475), (15129.191846, 5.475), (15129.191846, 4.525), (15077.609745, 4.525)] call_backward:up_pipe
[(15599.938577, 4.525), (15599.938577, 5.475), (15650.37128, 5.475), (15650.37128, 4.525), (15599.938577, 4.525)] call_backward:up_pipe
[(16123.762308, 4.525), (16123.762308, 5.475), (16175.828662, 5.475), (16175.828662, 4.525), (16123.762308, 4.525)] call_backward:up_pipe
[(3629.3853, 4.525), (3629.3853, 5.475), (3680.610924, 5.475), (3680.610924, 4.525), (3629.3853, 4.525)] call_backward
[(4566.579532, 4.525), (4566.579532, 5.475), (4618.148514, 5.475), (4618.148514, 4.525), (4566.579532, 4.525)] call_backward
[(5165.779952, 4.525), (5165.779952, 5.475), (5217.054248, 5.475), (5217.054248, 4.525), (5165.779952, 4.525)] call_backward
[(5557.686887, 4.525), (5557.686887, 5.475), (5608.091269, 5.475), (5608.091269, 4.525), (5557.686887, 4.525)] call_backward
[(9795.909175, 4.525), (9795.909175, 5.475), (9848.073928, 5.475), (9848.073928, 4.525), (9795.909175, 4.525)] call_backward
[(10232.923321, 4.525), (10232.923321, 5.475), (10290.218943, 5.475), (10290.218943, 4.525), (10232.923321, 4.525)] call_backward
[(10719.886941, 4.525), (10719.886941, 5.475), (10776.959973, 5.475), (10776.959973, 4.525), (10719.886941, 4.525)] call_backward
[(11362.912822, 4.525), (11362.912822, 5.475), (11412.94348, 5.475), (11412.94348, 4.525), (11362.912822, 4.525)] call_backward
[(15358.018978, 4.525), (15358.018978, 5.475), (15408.369985, 5.475), (15408.369985, 4.525), (15358.018978, 4.525)] call_backward
[(15827.494679, 4.525), (15827.494679, 5.475), (15878.232691, 5.475), (15878.232691, 4.525), (15827.494679, 4.525)] call_backward
[(16591.025963, 4.525), (16591.025963, 5.475), (16642.98547, 5.475), (16642.98547, 4.525), (16591.025963, 4.525)] call_backward
[(17118.685055, 4.525), (17118.685055, 5.475), (17169.34838, 5.475), (17169.34838, 4.525), (17118.685055, 4.525)] call_backward
[(5222.594714, 4.525), (5222.594714, 5.475), (5271.061321, 5.475), (5271.061321, 4.525), (5222.594714, 4.525)] nb_sync_grad:up_pipe
[(10780.697414, 4.525), (10780.697414, 5.475), (10955.56816, 5.475), (10955.56816, 4.525), (10780.697414, 4.525)] nb_sync_grad:up_pipe
[(16647.842102, 4.525), (16647.842102, 5.475), (16691.793898, 5.475), (16691.793898, 4.525), (16647.842102, 4.525)] nb_sync_grad:up_pipe
[(5612.810847, 4.525), (5612.810847, 5.475), (5730.983757, 5.475), (5730.983757, 4.525), (5612.810847, 4.525)] nb_sync_grad
[(11415.596739, 4.525), (11415.596739, 5.475), (11613.17872, 5.475), (11613.17872, 4.525), (11415.596739, 4.525)] nb_sync_grad
[(17174.984909, 4.525), (17174.984909, 5.475), (17218.644964, 5.475), (17218.644964, 4.525), (17174.984909, 4.525)] nb_sync_grad
[(477.117451, 3.525), (477.117451, 4.475), (504.252581, 4.475), (504.252581, 3.525), (477.117451, 3.525)] call_forward
[(956.401709, 3.525), (956.401709, 4.475), (983.470407, 4.475), (983.470407, 3.525), (956.401709, 3.525)] call_forward
[(1615.864214, 3.525), (1615.864214, 4.475), (1643.262511, 4.475), (1643.262511, 3.525), (1615.864214, 3.525)] call_forward
[(2357.918343, 3.525), (2357.918343, 4.475), (2385.392543, 4.475), (2385.392543, 3.525), (2357.918343, 3.525)] call_forward
[(6734.787553, 3.525), (6734.787553, 4.475), (6761.832379, 4.475), (6761.832379, 3.525), (6734.787553, 3.525)] call_forward
[(7194.92685, 3.525), (7194.92685, 4.475), (7222.34057, 4.475), (7222.34057, 3.525), (7194.92685, 3.525)] call_forward
[(7929.746166, 3.525), (7929.746166, 4.475), (7958.347881, 4.475), (7958.347881, 3.525), (7929.746166, 3.525)] call_forward
[(8326.467984, 3.525), (8326.467984, 4.475), (8354.710725, 4.475), (8354.710725, 3.525), (8326.467984, 3.525)] call_forward
[(12641.87001, 3.525), (12641.87001, 4.475), (12668.985844, 4.475), (12668.985844, 3.525), (12641.87001, 3.525)] call_forward
[(12975.900937, 3.525), (12975.900937, 4.475), (13002.900164, 4.475), (13002.900164, 3.525), (12975.900937, 3.525)] call_forward
[(13506.240559, 3.525), (13506.240559, 4.475), (13533.62324, 4.475), (13533.62324, 3.525), (13506.240559, 3.525)] call_forward
[(14149.396264, 3.525), (14149.396264, 4.475), (14176.744865, 4.475), (14176.744865, 3.525), (14149.396264, 3.525)] call_forward
[(926.522848, 3.525), (926.522848, 4.475), (953.65833, 4.475), (953.65833, 3.525), (926.522848, 3.525)] call_forward:up_pipe
[(1477.72368, 3.525), (1477.72368, 4.475), (1505.354807, 4.475), (1505.354807, 3.525), (1477.72368, 3.525)] call_forward:up_pipe
[(1812.724234, 3.525), (1812.724234, 4.475), (1840.350466, 4.475), (1840.350466, 3.525), (1812.724234, 3.525)] call_forward:up_pipe
[(2388.535184, 3.525), (2388.535184, 4.475), (2416.076679, 4.475), (2416.076679, 3.525), (2388.535184, 3.525)] call_forward:up_pipe
[(7159.19029, 3.525), (7159.19029, 4.475), (7186.853833, 4.475), (7186.853833, 3.525), (7159.19029, 3.525)] call_forward:up_pipe
[(7537.099497, 3.525), (7537.099497, 4.475), (7564.570273, 4.475), (7564.570273, 3.525), (7537.099497, 3.525)] call_forward:up_pipe
[(7961.04102, 3.525), (7961.04102, 4.475), (7988.544756, 4.475), (7988.544756, 3.525), (7961.04102, 3.525)] call_forward:up_pipe
[(8566.449839, 3.525), (8566.449839, 4.475), (8594.907107, 4.475), (8594.907107, 3.525), (8566.449839, 3.525)] call_forward:up_pipe
[(12917.209451, 3.525), (12917.209451, 4.475), (12944.425348, 4.475), (12944.425348, 3.525), (12917.209451, 3.525)] call_forward:up_pipe
[(13469.297061, 3.525), (13469.297061, 4.475), (13496.62963, 4.475), (13496.62963, 3.525), (13469.297061, 3.525)] call_forward:up_pipe
[(14024.647888, 3.525), (14024.647888, 4.475), (14051.810058, 4.475), (14051.810058, 3.525), (14024.647888, 3.525)] call_forward:up_pipe
[(14785.806563, 3.525), (14785.806563, 4.475), (14813.634233, 4.475), (14813.634233, 3.525), (14785.806563, 3.525)] call_forward:up_pipe
[(3215.840668, 3.525), (3215.840668, 4.475), (3267.944122, 4.475), (3267.944122, 3.525), (3215.840668, 3.525)] call_backward:up_pipe
[(3521.811861, 3.525), (3521.811861, 4.475), (3572.297276, 4.475), (3572.297276, 3.525), (3521.811861, 3.525)] call_backward:up_pipe
[(4088.581351, 3.525), (4088.581351, 4.475), (4139.537644, 4.475), (4139.537644, 3.525), (4088.581351, 3.525)] call_backward:up_pipe
[(5189.111695, 3.525), (5189.111695, 4.475), (5240.252146, 4.475), (5240.252146, 3.525), (5189.111695, 3.525)] call_backward:up_pipe
[(8749.228745, 3.525), (8749.228745, 4.475), (8802.378755, 4.475), (8802.378755, 3.525), (8749.228745, 3.525)] call_backward:up_pipe
[(9417.636166, 3.525), (9417.636166, 4.475), (9470.469313, 4.475), (9470.469313, 3.525), (9417.636166, 3.525)] call_backward:up_pipe
[(10183.671904, 3.525), (10183.671904, 4.475), (10236.685915, 4.475), (10236.685915, 3.525), (10183.671904, 3.525)] call_backward:up_pipe
[(10991.004303, 3.525), (10991.004303, 4.475), (11043.90433, 4.475), (11043.90433, 3.525), (10991.004303, 3.525)] call_backward:up_pipe
[(14816.40382, 3.525), (14816.40382, 4.475), (14867.589327, 4.475), (14867.589327, 3.525), (14816.40382, 3.525)] call_backward:up_pipe
[(15393.509227, 3.525), (15393.509227, 4.475), (15444.625711, 4.475), (15444.625711, 3.525), (15393.509227, 3.525)] call_backward:up_pipe
[(15848.440581, 3.525), (15848.440581, 4.475), (15900.620196, 4.475), (15900.620196, 3.525), (15848.440581, 3.525)] call_backward:up_pipe
[(16414.584602, 3.525), (16414.584602, 4.475), (16466.663065, 4.475), (16466.663065, 3.525), (16414.584602, 3.525)] call_backward:up_pipe
[(3273.580959, 3.525), (3273.580959, 4.475), (3325.526334, 4.475), (3325.526334, 3.525), (3273.580959, 3.525)] call_backward
[(4028.738959, 3.525), (4028.738959, 4.475), (4082.684773, 4.475), (4082.684773, 3.525), (4028.738959, 3.525)] call_backward
[(4752.246683, 3.525), (4752.246683, 4.475), (4802.603011, 4.475), (4802.603011, 3.525), (4752.246683, 3.525)] call_backward
[(5313.283082, 3.525), (5313.283082, 4.475), (5364.30043, 4.475), (5364.30043, 3.525), (5313.283082, 3.525)] call_backward
[(9353.593666, 3.525), (9353.593666, 4.475), (9406.616796, 4.475), (9406.616796, 3.525), (9353.593666, 3.525)] call_backward
[(9968.084488, 3.525), (9968.084488, 4.475), (10021.052067, 4.475), (10021.052067, 3.525), (9968.084488, 3.525)] call_backward
[(10245.401648, 3.525), (10245.401648, 4.475), (10298.230123, 4.475), (10298.230123, 3.525), (10245.401648, 3.525)] call_backward
[(11049.360527, 3.525), (11049.360527, 4.475), (11102.137739, 4.475), (11102.137739, 3.525), (11049.360527, 3.525)] call_backward
[(15099.46703, 3.525), (15099.46703, 4.475), (15149.84371, 4.475), (15149.84371, 3.525), (15099.46703, 3.525)] call_backward
[(15592.686036, 3.525), (15592.686036, 4.475), (15644.793714, 4.475), (15644.793714, 3.525), (15592.686036, 3.525)] call_backward
[(16329.269696, 3.525), (16329.269696, 4.475), (16381.429502, 4.475), (16381.429502, 3.525), (16329.269696, 3.525)] call_backward
[(16893.446015, 3.525), (16893.446015, 4.475), (16944.911361, 4.475), (16944.911361, 3.525), (16893.446015, 3.525)] call_backward
[(5373.620416, 3.525), (5373.620416, 4.475), (5506.897998, 4.475), (5506.897998, 3.525), (5373.620416, 3.525)] nb_sync_grad:up_pipe
[(11106.236246, 3.525), (11106.236246, 4.475), (11386.803981, 4.475), (11386.803981, 3.525), (11106.236246, 3.525)] nb_sync_grad:up_pipe
[(16948.76235, 3.525), (16948.76235, 4.475), (16992.923252, 4.475), (16992.923252, 3.525), (16948.76235, 3.525)] nb_sync_grad:up_pipe
[(5462.737352, 3.525), (5462.737352, 4.475), (5548.649088, 4.475), (5548.649088, 3.525), (5462.737352, 3.525)] nb_sync_grad
[(11343.276452, 3.525), (11343.276452, 4.475), (11428.538175, 4.475), (11428.538175, 3.525), (11343.276452, 3.525)] nb_sync_grad
[(16950.485509, 3.525), (16950.485509, 4.475), (17033.445068, 4.475), (17033.445068, 3.525), (16950.485509, 3.525)] nb_sync_grad
[(478.354059, 2.525), (478.354059, 3.475), (505.162649, 3.475), (505.162649, 2.525), (478.354059, 2.525)] call_forward:up_pipe
[(1103.742141, 2.525), (1103.742141, 3.475), (1130.571018, 3.475), (1130.571018, 2.525), (1103.742141, 2.525)] call_forward:up_pipe
[(1471.441676, 2.525), (1471.441676, 3.475), (1498.292025, 3.475), (1498.292025, 2.525), (1471.441676, 2.525)] call_forward:up_pipe
[(2095.855265, 2.525), (2095.855265, 3.475), (2122.482862, 3.475), (2122.482862, 2.525), (2095.855265, 2.525)] call_forward:up_pipe
[(6721.160254, 2.525), (6721.160254, 3.475), (6747.854348, 3.475), (6747.854348, 2.525), (6721.160254, 2.525)] call_forward:up_pipe
[(7082.372929, 2.525), (7082.372929, 3.475), (7109.018895, 3.475), (7109.018895, 2.525), (7082.372929, 2.525)] call_forward:up_pipe
[(7639.026856, 2.525), (7639.026856, 3.475), (7665.794037, 3.475), (7665.794037, 2.525), (7639.026856, 2.525)] call_forward:up_pipe
[(8287.582769, 2.525), (8287.582769, 3.475), (8314.316383, 3.475), (8314.316383, 2.525), (8287.582769, 2.525)] call_forward:up_pipe
[(12610.069816, 2.525), (12610.069816, 3.475), (12636.948645, 3.475), (12636.948645, 2.525), (12610.069816, 2.525)] call_forward:up_pipe
[(13145.666879, 2.525), (13145.666879, 3.475), (13172.406541, 3.475), (13172.406541, 2.525), (13145.666879, 2.525)] call_forward:up_pipe
[(13755.008739, 2.525), (13755.008739, 3.475), (13781.908463, 3.475), (13781.908463, 2.525), (13755.008739, 2.525)] call_forward:up_pipe
[(14483.662197, 2.525), (14483.662197, 3.475), (14510.583618, 3.475), (14510.583618, 2.525), (14483.662197, 2.525)] call_forward:up_pipe
[(902.748971, 2.525), (902.748971, 3.475), (929.585304, 3.475), (929.585304, 2.525), (902.748971, 2.525)] call_forward
[(1260.229145, 2.525), (1260.229145, 3.475), (1286.922375, 3.475), (1286.922375, 2.525), (1260.229145, 2.525)] call_forward
[(1908.694339, 2.525), (1908.694339, 3.475), (1935.559152, 3.475), (1935.559152, 2.525), (1908.694339, 2.525)] call_forward
[(2691.912109, 2.525), (2691.912109, 3.475), (2718.718682, 3.475), (2718.718682, 2.525), (2691.912109, 2.525)] call_forward
[(7053.079964, 2.525), (7053.079964, 3.475), (7079.852937, 3.475), (7079.852937, 2.525), (7053.079964, 2.525)] call_forward
[(7507.939933, 2.525), (7507.939933, 3.475), (7534.987561, 3.475), (7534.987561, 2.525), (7507.939933, 2.525)] call_forward
[(8255.337493, 2.525), (8255.337493, 3.475), (8282.141762, 3.475), (8282.141762, 2.525), (8255.337493, 2.525)] call_forward
[(8536.143985, 2.525), (8536.143985, 3.475), (8562.78659, 3.475), (8562.78659, 2.525), (8536.143985, 2.525)] call_forward
[(13110.024142, 2.525), (13110.024142, 3.475), (13136.891259, 3.475), (13136.891259, 2.525), (13110.024142, 2.525)] call_forward
[(13469.320502, 2.525), (13469.320502, 3.475), (13496.154243, 3.475), (13496.154243, 2.525), (13469.320502, 2.525)] call_forward
[(13823.891917, 2.525), (13823.891917, 3.475), (13850.678075, 3.475), (13850.678075, 2.525), (13823.891917, 2.525)] call_forward
[(14513.489593, 2.525), (14513.489593, 3.475), (14540.143526, 3.475), (14540.143526, 2.525), (14513.489593, 2.525)] call_forward
[(2720.230165, 2.525), (2720.230165, 3.475), (2770.111963, 3.475), (2770.111963, 2.525), (2720.230165, 2.525)] call_backward
[(3576.440989, 2.525), (3576.440989, 3.475), (3627.490335, 3.475), (3627.490335, 2.525), (3576.440989, 2.525)] call_backward
[(4382.791391, 2.525), (4382.791391, 3.475), (4432.603685, 3.475), (4432.603685, 2.525), (4382.791391, 2.525)] call_backward
[(4955.313588, 2.525), (4955.313588, 3.475), (5005.930264, 3.475), (5005.930264, 2.525), (4955.313588, 2.525)] call_backward
[(9026.282181, 2.525), (9026.282181, 3.475), (9075.912843, 3.475), (9075.912843, 2.525), (9026.282181, 2.525)] call_backward
[(9684.70584, 2.525), (9684.70584, 3.475), (9734.488022, 3.475), (9734.488022, 2.525), (9684.70584, 2.525)] call_backward
[(9946.780134, 2.525), (9946.780134, 3.475), (9997.384937, 3.475), (9997.384937, 2.525), (9946.780134, 2.525)] call_backward
[(10607.875337, 2.525), (10607.875337, 3.475), (10658.076621, 3.475), (10658.076621, 2.525), (10607.875337, 2.525)] call_backward
[(14767.689446, 2.525), (14767.689446, 3.475), (14817.938091, 3.475), (14817.938091, 2.525), (14767.689446, 2.525)] call_backward
[(15308.818941, 2.525), (15308.818941, 3.475), (15359.007905, 3.475), (15359.007905, 2.525), (15308.818941, 2.525)] call_backward
[(16033.77481, 2.525), (16033.77481, 3.475), (16084.154814, 3.475), (16084.154814, 2.525), (16033.77481, 2.525)] call_backward
[(16609.584005, 2.525), (16609.584005, 3.475), (16659.657035, 3.475), (16659.657035, 2.525), (16609.584005, 2.525)] call_backward
[(3520.276139, 2.525), (3520.276139, 3.475), (3571.625356, 3.475), (3571.625356, 2.525), (3520.276139, 2.525)] call_backward:up_pipe
[(3757.003406, 2.525), (3757.003406, 3.475), (3806.93954, 3.475), (3806.93954, 2.525), (3757.003406, 2.525)] call_backward:up_pipe
[(4561.408246, 2.525), (4561.408246, 3.475), (4611.312188, 3.475), (4611.312188, 2.525), (4561.408246, 2.525)] call_backward:up_pipe
[(5398.656377, 2.525), (5398.656377, 3.475), (5449.244828, 3.475), (5449.244828, 2.525), (5398.656377, 2.525)] call_backward:up_pipe
[(9085.123471, 2.525), (9085.123471, 3.475), (9134.843733, 3.475), (9134.843733, 2.525), (9085.123471, 2.525)] call_backward:up_pipe
[(9738.952968, 2.525), (9738.952968, 3.475), (9788.671406, 3.475), (9788.671406, 2.525), (9738.952968, 2.525)] call_backward:up_pipe
[(10552.853907, 2.525), (10552.853907, 3.475), (10603.472342, 3.475), (10603.472342, 2.525), (10552.853907, 2.525)] call_backward:up_pipe
[(11277.434802, 2.525), (11277.434802, 3.475), (11327.353239, 3.475), (11327.353239, 2.525), (11277.434802, 2.525)] call_backward:up_pipe
[(15254.100998, 2.525), (15254.100998, 3.475), (15304.282539, 3.475), (15304.282539, 2.525), (15254.100998, 2.525)] call_backward:up_pipe
[(15663.398452, 2.525), (15663.398452, 3.475), (15713.616216, 3.475), (15713.616216, 2.525), (15663.398452, 2.525)] call_backward:up_pipe
[(16121.260748, 2.525), (16121.260748, 3.475), (16171.336753, 3.475), (16171.336753, 2.525), (16121.260748, 2.525)] call_backward:up_pipe
[(16690.121356, 2.525), (16690.121356, 3.475), (16740.783599, 3.475), (16740.783599, 2.525), (16690.121356, 2.525)] call_backward:up_pipe
[(5454.563532, 2.525), (5454.563532, 3.475), (5499.930207, 3.475), (5499.930207, 2.525), (5454.563532, 2.525)] nb_sync_grad
[(11334.765312, 2.525), (11334.765312, 3.475), (11379.847637, 3.475), (11379.847637, 2.525), (11334.765312, 2.525)] nb_sync_grad
[(16744.692228, 2.525), (16744.692228, 3.475), (16986.045113, 3.475), (16986.045113, 2.525), (16744.692228, 2.525)] nb_sync_grad
[(5456.360519, 2.525), (5456.360519, 3.475), (5541.703678, 3.475), (5541.703678, 2.525), (5456.360519, 2.525)] nb_sync_grad:up_pipe
[(11336.317372, 2.525), (11336.317372, 3.475), (11421.63026, 3.475), (11421.63026, 2.525), (11336.317372, 2.525)] nb_sync_grad:up_pipe
[(16943.233822, 2.525), (16943.233822, 3.475), (17026.541628, 3.475), (17026.541628, 2.525), (16943.233822, 2.525)] nb_sync_grad:up_pipe
[(291.668908, 1.525), (291.668908, 2.475), (318.813364, 2.475), (318.813364, 1.525), (291.668908, 1.525)] call_forward:up_pipe
[(451.212681, 1.525), (451.212681, 2.475), (478.017427, 2.475), (478.017427, 1.525), (451.212681, 1.525)] call_forward:up_pipe
[(1116.362502, 1.525), (1116.362502, 2.475), (1143.105551, 2.475), (1143.105551, 1.525), (1116.362502, 1.525)] call_forward:up_pipe
[(1664.73748, 1.525), (1664.73748, 2.475), (1691.553873, 2.475), (1691.553873, 1.525), (1664.73748, 1.525)] call_forward:up_pipe
[(6537.131376, 1.525), (6537.131376, 2.475), (6566.084752, 2.475), (6566.084752, 1.525), (6537.131376, 1.525)] call_forward:up_pipe
[(6726.155178, 1.525), (6726.155178, 2.475), (6752.995891, 2.475), (6752.995891, 1.525), (6726.155178, 1.525)] call_forward:up_pipe
[(7345.834128, 1.525), (7345.834128, 2.475), (7372.665657, 2.475), (7372.665657, 1.525), (7345.834128, 1.525)] call_forward:up_pipe
[(7914.061882, 1.525), (7914.061882, 2.475), (7940.964931, 2.475), (7940.964931, 1.525), (7914.061882, 1.525)] call_forward:up_pipe
[(12427.547769, 1.525), (12427.547769, 2.475), (12454.697729, 2.475), (12454.697729, 1.525), (12427.547769, 1.525)] call_forward:up_pipe
[(12582.523338, 1.525), (12582.523338, 2.475), (12609.330739, 2.475), (12609.330739, 1.525), (12582.523338, 1.525)] call_forward:up_pipe
[(13421.221477, 1.525), (13421.221477, 2.475), (13447.937487, 2.475), (13447.937487, 1.525), (13421.221477, 1.525)] call_forward:up_pipe
[(14146.279672, 1.525), (14146.279672, 2.475), (14173.298241, 2.475), (14173.298241, 1.525), (14146.279672, 1.525)] call_forward:up_pipe
[(1086.218187, 1.525), (1086.218187, 2.475), (1113.108436, 2.475), (1113.108436, 1.525), (1086.218187, 1.525)] call_forward
[(1573.84761, 1.525), (1573.84761, 2.475), (1600.691299, 2.475), (1600.691299, 1.525), (1573.84761, 1.525)] call_forward
[(2097.659209, 1.525), (2097.659209, 2.475), (2124.600753, 2.475), (2124.600753, 1.525), (2097.659209, 1.525)] call_forward
[(3010.364796, 1.525), (3010.364796, 2.475), (3037.234277, 2.475), (3037.234277, 1.525), (3010.364796, 1.525)] call_forward
[(7315.704949, 1.525), (7315.704949, 2.475), (7342.799261, 2.475), (7342.799261, 1.525), (7315.704949, 1.525)] call_forward
[(7765.94849, 1.525), (7765.94849, 2.475), (7793.02517, 2.475), (7793.02517, 1.525), (7765.94849, 1.525)] call_forward
[(8592.207805, 1.525), (8592.207805, 2.475), (8619.000166, 2.475), (8619.000166, 1.525), (8592.207805, 1.525)] call_forward
[(8831.828407, 1.525), (8831.828407, 2.475), (8858.77056, 2.475), (8858.77056, 1.525), (8831.828407, 1.525)] call_forward
[(13383.184366, 1.525), (13383.184366, 2.475), (13410.093335, 2.475), (13410.093335, 1.525), (13383.184366, 1.525)] call_forward
[(13700.419536, 1.525), (13700.419536, 2.475), (13727.299033, 2.475), (13727.299033, 1.525), (13700.419536, 1.525)] call_forward
[(14175.709846, 1.525), (14175.709846, 2.475), (14202.575039, 2.475), (14202.575039, 1.525), (14175.709846, 1.525)] call_forward
[(14884.905199, 1.525), (14884.905199, 2.475), (14912.334326, 2.475), (14912.334326, 1.525), (14884.905199, 1.525)] call_forward
[(2395.705664, 1.525), (2395.705664, 2.475), (2445.669379, 2.475), (2445.669379, 1.525), (2395.705664, 1.525)] call_backward
[(3039.101341, 1.525), (3039.101341, 2.475), (3088.876545, 2.475), (3088.876545, 1.525), (3039.101341, 1.525)] call_backward
[(3898.451357, 1.525), (3898.451357, 2.475), (3948.074945, 2.475), (3948.074945, 1.525), (3898.451357, 1.525)] call_backward
[(4545.793128, 1.525), (4545.793128, 2.475), (4595.711371, 2.475), (4595.711371, 1.525), (4545.793128, 1.525)] call_backward
[(8621.655642, 1.525), (8621.655642, 2.475), (8671.467614, 2.475), (8671.467614, 1.525), (8621.655642, 1.525)] call_backward
[(9246.229067, 1.525), (9246.229067, 2.475), (9296.145421, 2.475), (9296.145421, 1.525), (9246.229067, 1.525)] call_backward
[(9605.520946, 1.525), (9605.520946, 2.475), (9655.383829, 2.475), (9655.383829, 1.525), (9605.520946, 1.525)] call_backward
[(10283.326455, 1.525), (10283.326455, 2.475), (10333.125626, 2.475), (10333.125626, 1.525), (10283.326455, 1.525)] call_backward
[(14431.878343, 1.525), (14431.878343, 2.475), (14482.19716, 2.475), (14482.19716, 1.525), (14431.878343, 1.525)] call_backward
[(14914.648107, 1.525), (14914.648107, 2.475), (14964.833965, 2.475), (14964.833965, 1.525), (14914.648107, 1.525)] call_backward
[(15680.545833, 1.525), (15680.545833, 2.475), (15730.285421, 2.475), (15730.285421, 1.525), (15680.545833, 1.525)] call_backward
[(16336.097648, 1.525), (16336.097648, 2.475), (16386.114035, 2.475), (16386.114035, 1.525), (16336.097648, 1.525)] call_backward
[(3843.719248, 1.525), (3843.719248, 2.475), (3893.608978, 2.475), (3893.608978, 1.525), (3843.719248, 1.525)] call_backward:up_pipe
[(4036.264986, 1.525), (4036.264986, 2.475), (4086.222845, 2.475), (4086.222845, 1.525), (4036.264986, 1.525)] call_backward:up_pipe
[(4913.252972, 1.525), (4913.252972, 2.475), (4963.26795, 2.475), (4963.26795, 1.525), (4913.252972, 1.525)] call_backward:up_pipe
[(5600.579686, 1.525), (5600.579686, 2.475), (5650.515881, 2.475), (5650.515881, 1.525), (5600.579686, 1.525)] call_backward:up_pipe
[(9388.753523, 1.525), (9388.753523, 2.475), (9438.63039, 2.475), (9438.63039, 1.525), (9388.753523, 1.525)] call_backward:up_pipe
[(10064.549376, 1.525), (10064.549376, 2.475), (10114.416163, 2.475), (10114.416163, 1.525), (10064.549376, 1.525)] call_backward:up_pipe
[(10823.185951, 1.525), (10823.185951, 2.475), (10873.086017, 2.475), (10873.086017, 1.525), (10823.185951, 1.525)] call_backward:up_pipe
[(11481.540281, 1.525), (11481.540281, 2.475), (11531.477468, 2.475), (11531.477468, 1.525), (11481.540281, 1.525)] call_backward:up_pipe
[(15623.601958, 1.525), (15623.601958, 2.475), (15675.838686, 2.475), (15675.838686, 1.525), (15623.601958, 1.525)] call_backward:up_pipe
[(16048.71153, 1.525), (16048.71153, 2.475), (16098.599341, 2.475), (16098.599341, 1.525), (16048.71153, 1.525)] call_backward:up_pipe
[(16421.518006, 1.525), (16421.518006, 2.475), (16471.422521, 2.475), (16471.422521, 1.525), (16421.518006, 1.525)] call_backward:up_pipe
[(16958.240236, 1.525), (16958.240236, 2.475), (17008.12139, 2.475), (17008.12139, 1.525), (16958.240236, 1.525)] call_backward:up_pipe
[(4968.155864, 1.525), (4968.155864, 2.475), (5239.212232, 2.475), (5239.212232, 1.525), (4968.155864, 1.525)] nb_sync_grad
[(10878.840104, 1.525), (10878.840104, 2.475), (10923.733057, 2.475), (10923.733057, 1.525), (10878.840104, 1.525)] nb_sync_grad
[(16475.884421, 1.525), (16475.884421, 2.475), (16659.962933, 2.475), (16659.962933, 1.525), (16475.884421, 1.525)] nb_sync_grad
[(5655.073333, 1.525), (5655.073333, 2.475), (5699.144625, 2.475), (5699.144625, 1.525), (5655.073333, 1.525)] nb_sync_grad:up_pipe
[(11537.196707, 1.525), (11537.196707, 2.475), (11581.337247, 2.475), (11581.337247, 1.525), (11537.196707, 1.525)] nb_sync_grad:up_pipe
[(17013.476182, 1.525), (17013.476182, 2.475), (17186.817463, 2.475), (17186.817463, 1.525), (17013.476182, 1.525)] nb_sync_grad:up_pipe
[(160.194051, 0.525), (160.194051, 1.475), (187.135081, 1.475), (187.135081, 0.525), (160.194051, 0.525)] call_forward:up_pipe
[(313.799865, 0.525), (313.799865, 1.475), (340.730015, 1.475), (340.730015, 0.525), (313.799865, 0.525)] call_forward:up_pipe
[(485.350345, 0.525), (485.350345, 1.475), (512.338192, 1.475), (512.338192, 0.525), (485.350345, 0.525)] call_forward:up_pipe
[(1421.310366, 0.525), (1421.310366, 1.475), (1448.161893, 1.475), (1448.161893, 0.525), (1421.310366, 0.525)] call_forward:up_pipe
[(6405.079462, 0.525), (6405.079462, 1.475), (6432.141004, 1.475), (6432.141004, 0.525), (6405.079462, 0.525)] call_forward:up_pipe
[(6596.123687, 0.525), (6596.123687, 1.475), (6623.208301, 1.475), (6623.208301, 0.525), (6596.123687, 0.525)] call_forward:up_pipe
[(6795.556441, 0.525), (6795.556441, 1.475), (6822.377025, 1.475), (6822.377025, 0.525), (6795.556441, 0.525)] call_forward:up_pipe
[(7671.005798, 0.525), (7671.005798, 1.475), (7698.131948, 1.475), (7698.131948, 0.525), (7671.005798, 0.525)] call_forward:up_pipe
[(12292.709241, 0.525), (12292.709241, 1.475), (12319.594848, 1.475), (12319.594848, 0.525), (12292.709241, 0.525)] call_forward:up_pipe
[(12448.128229, 0.525), (12448.128229, 1.475), (12474.970093, 1.475), (12474.970093, 0.525), (12448.128229, 0.525)] call_forward:up_pipe
[(12609.340048, 0.525), (12609.340048, 1.475), (12636.492086, 1.475), (12636.492086, 0.525), (12609.340048, 0.525)] call_forward:up_pipe
[(13716.479768, 0.525), (13716.479768, 1.475), (13743.359327, 1.475), (13743.359327, 0.525), (13716.479768, 0.525)] call_forward:up_pipe
[(1391.277545, 0.525), (1391.277545, 1.475), (1418.311311, 1.475), (1418.311311, 0.525), (1391.277545, 0.525)] call_forward
[(2042.750128, 0.525), (2042.750128, 1.475), (2069.954933, 1.475), (2069.954933, 0.525), (2042.750128, 0.525)] call_forward
[(2653.311423, 0.525), (2653.311423, 1.475), (2680.436325, 1.475), (2680.436325, 0.525), (2653.311423, 0.525)] call_forward
[(3389.075655, 0.525), (3389.075655, 1.475), (3416.204812, 1.475), (3416.204812, 0.525), (3389.075655, 0.525)] call_forward
[(7640.886674, 0.525), (7640.886674, 1.475), (7667.778425, 1.475), (7667.778425, 0.525), (7640.886674, 0.525)] call_forward
[(8032.512126, 0.525), (8032.512126, 1.475), (8059.640324, 1.475), (8059.640324, 0.525), (8032.512126, 0.525)] call_forward
[(8882.399229, 0.525), (8882.399229, 1.475), (8909.710113, 1.475), (8909.710113, 0.525), (8882.399229, 0.525)] call_forward
[(9124.010719, 0.525), (9124.010719, 1.475), (9150.927653, 1.475), (9150.927653, 0.525), (9124.010719, 0.525)] call_forward
[(13686.502946, 0.525), (13686.502946, 1.475), (13713.444009, 1.475), (13713.444009, 0.525), (13686.502946, 0.525)] call_forward
[(13959.799728, 0.525), (13959.799728, 1.475), (13990.551873, 1.475), (13990.551873, 0.525), (13959.799728, 0.525)] call_forward
[(14520.829017, 0.525), (14520.829017, 1.475), (14548.463676, 1.475), (14548.463676, 0.525), (14520.829017, 0.525)] call_forward
[(15203.407919, 0.525), (15203.407919, 1.475), (15230.832947, 1.475), (15230.832947, 0.525), (15203.407919, 0.525)] call_forward
[(2236.379938, 0.525), (2236.379938, 1.475), (2286.721412, 1.475), (2286.721412, 0.525), (2236.379938, 0.525)] call_backward
[(2682.60684, 0.525), (2682.60684, 1.475), (2732.65222, 1.475), (2732.65222, 0.525), (2682.60684, 0.525)] call_backward
[(3418.677695, 0.525), (3418.677695, 1.475), (3468.802273, 1.475), (3468.802273, 0.525), (3418.677695, 0.525)] call_backward
[(4266.582952, 0.525), (4266.582952, 1.475), (4316.702955, 1.475), (4316.702955, 0.525), (4266.582952, 0.525)] call_backward
[(8219.428567, 0.525), (8219.428567, 1.475), (8269.695993, 1.475), (8269.695993, 0.525), (8219.428567, 0.525)] call_backward
[(8912.384754, 0.525), (8912.384754, 1.475), (8962.529685, 1.475), (8962.529685, 0.525), (8912.384754, 0.525)] call_backward
[(9412.658133, 0.525), (9412.658133, 1.475), (9462.651833, 1.475), (9462.651833, 0.525), (9412.658133, 0.525)] call_backward
[(10029.461377, 0.525), (10029.461377, 1.475), (10079.658915, 1.475), (10079.658915, 0.525), (10029.461377, 0.525)] call_backward
[(14265.240551, 0.525), (14265.240551, 1.475), (14316.440932, 1.475), (14316.440932, 0.525), (14265.240551, 0.525)] call_backward
[(14604.875323, 0.525), (14604.875323, 1.475), (14655.938841, 1.475), (14655.938841, 0.525), (14604.875323, 0.525)] call_backward
[(15233.386949, 0.525), (15233.386949, 1.475), (15284.618593, 1.475), (15284.618593, 0.525), (15233.386949, 0.525)] call_backward
[(16047.980236, 0.525), (16047.980236, 1.475), (16098.875594, 1.475), (16098.875594, 0.525), (16047.980236, 0.525)] call_backward
[(4210.415111, 0.525), (4210.415111, 1.475), (4260.801513, 1.475), (4260.801513, 0.525), (4210.415111, 0.525)] call_backward:up_pipe
[(4461.779378, 0.525), (4461.779378, 1.475), (4511.732918, 1.475), (4511.732918, 0.525), (4461.779378, 0.525)] call_backward:up_pipe
[(5161.93914, 0.525), (5161.93914, 1.475), (5212.008743, 1.475), (5212.008743, 0.525), (5161.93914, 0.525)] call_backward:up_pipe
[(5854.629472, 0.525), (5854.629472, 1.475), (5904.556453, 1.475), (5904.556453, 0.525), (5854.629472, 0.525)] call_backward:up_pipe
[(9974.981015, 0.525), (9974.981015, 1.475), (10025.262969, 1.475), (10025.262969, 0.525), (9974.981015, 0.525)] call_backward:up_pipe
[(10343.189993, 0.525), (10343.189993, 1.475), (10393.23486, 1.475), (10393.23486, 0.525), (10343.189993, 0.525)] call_backward:up_pipe
[(11075.680195, 0.525), (11075.680195, 1.475), (11125.627079, 1.475), (11125.627079, 0.525), (11075.680195, 0.525)] call_backward:up_pipe
[(11738.591145, 0.525), (11738.591145, 1.475), (11788.929194, 1.475), (11788.929194, 0.525), (11738.591145, 0.525)] call_backward:up_pipe
[(15991.972746, 0.525), (15991.972746, 1.475), (16043.233127, 1.475), (16043.233127, 0.525), (15991.972746, 0.525)] call_backward:up_pipe
[(16360.132509, 0.525), (16360.132509, 1.475), (16410.807484, 1.475), (16410.807484, 0.525), (16360.132509, 0.525)] call_backward:up_pipe
[(16729.430952, 0.525), (16729.430952, 1.475), (16780.045352, 1.475), (16780.045352, 0.525), (16729.430952, 0.525)] call_backward:up_pipe
[(17208.487076, 0.525), (17208.487076, 1.475), (17259.512897, 1.475), (17259.512897, 0.525), (17208.487076, 0.525)] call_backward:up_pipe
[(4516.168701, 0.525), (4516.168701, 1.475), (5172.545224, 1.475), (5172.545224, 0.525), (4516.168701, 0.525)] nb_sync_grad
[(10398.448238, 0.525), (10398.448238, 1.475), (10567.418349, 1.475), (10567.418349, 0.525), (10398.448238, 0.525)] nb_sync_grad
[(16415.520578, 0.525), (16415.520578, 1.475), (16460.77312, 1.475), (16460.77312, 0.525), (16415.520578, 0.525)] nb_sync_grad
[(5910.189029, 0.525), (5910.189029, 1.475), (5955.366628, 1.475), (5955.366628, 0.525), (5910.189029, 0.525)] nb_sync_grad:up_pipe
[(11794.701513, 0.525), (11794.701513, 1.475), (11839.119181, 1.475), (11839.119181, 0.525), (11794.701513, 0.525)] nb_sync_grad:up_pipe
[(17263.698794, 0.525), (17263.698794, 1.475), (17437.755788, 1.475), (17437.755788, 0.525), (17263.698794, 0.525)] nb_sync_grad:up_pipe
[(-20.672316, -0.475), (-20.672316, 0.475), (7.368383, 0.475), (7.368383, -0.475), (-20.672316, -0.475)] call_forward:up_pipe
[(10.411505, -0.475), (10.411505, 0.475), (38.439181, 0.475), (38.439181, -0.475), (10.411505, -0.475)] call_forward:up_pipe
[(38.801451, -0.475), (38.801451, 0.475), (67.416772, 0.475), (67.416772, -0.475), (38.801451, -0.475)] call_forward:up_pipe
[(67.749794, -0.475), (67.749794, 0.475), (95.805694, 0.475), (95.805694, -0.475), (67.749794, -0.475)] call_forward:up_pipe
[(6223.626368, -0.475), (6223.626368, 0.475), (6251.286365, 0.475), (6251.286365, -0.475), (6223.626368, -0.475)] call_forward:up_pipe
[(6254.869516, -0.475), (6254.869516, 0.475), (6282.37601, 0.475), (6282.37601, -0.475), (6254.869516, -0.475)] call_forward:up_pipe
[(6282.693737, -0.475), (6282.693737, 0.475), (6310.85962, 0.475), (6310.85962, -0.475), (6282.693737, -0.475)] call_forward:up_pipe
[(6311.223458, -0.475), (6311.223458, 0.475), (6339.579037, 0.475), (6339.579037, -0.475), (6311.223458, -0.475)] call_forward:up_pipe
[(12111.888938, -0.475), (12111.888938, 0.475), (12139.558536, 0.475), (12139.558536, -0.475), (12111.888938, -0.475)] call_forward:up_pipe
[(12142.122588, -0.475), (12142.122588, 0.475), (12169.511259, 0.475), (12169.511259, -0.475), (12142.122588, -0.475)] call_forward:up_pipe
[(12169.890489, -0.475), (12169.890489, 0.475), (12198.140948, 0.475), (12198.140948, -0.475), (12169.890489, -0.475)] call_forward:up_pipe
[(12198.46885, -0.475), (12198.46885, 0.475), (12227.331786, 0.475), (12227.331786, -0.475), (12198.46885, -0.475)] call_forward:up_pipe
[(1663.629118, -0.475), (1663.629118, 0.475), (1712.590519, 0.475), (1712.590519, -0.475), (1663.629118, -0.475)] call_forward
[(2218.744708, -0.475), (2218.744708, 0.475), (2267.14512, 0.475), (2267.14512, -0.475), (2218.744708, -0.475)] call_forward
[(2891.04285, -0.475), (2891.04285, 0.475), (2939.289182, 0.475), (2939.289182, -0.475), (2891.04285, -0.475)] call_forward
[(3649.346282, -0.475), (3649.346282, 0.475), (3698.288996, 0.475), (3698.288996, -0.475), (3649.346282, -0.475)] call_forward
[(7895.584564, -0.475), (7895.584564, 0.475), (7945.97463, 0.475), (7945.97463, -0.475), (7895.584564, -0.475)] call_forward
[(8208.53224, -0.475), (8208.53224, 0.475), (8257.045771, 0.475), (8257.045771, -0.475), (8208.53224, -0.475)] call_forward
[(9098.517451, -0.475), (9098.517451, 0.475), (9146.629352, 0.475), (9146.629352, -0.475), (9098.517451, -0.475)] call_forward
[(9351.450179, -0.475), (9351.450179, 0.475), (9399.515072, 0.475), (9399.515072, -0.475), (9351.450179, -0.475)] call_forward
[(13930.406796, -0.475), (13930.406796, 0.475), (13980.627871, 0.475), (13980.627871, -0.475), (13930.406796, -0.475)] call_forward
[(14137.172189, -0.475), (14137.172189, 0.475), (14185.595928, 0.475), (14185.595928, -0.475), (14137.172189, -0.475)] call_forward
[(14726.556065, -0.475), (14726.556065, 0.475), (14776.474902, 0.475), (14776.474902, -0.475), (14726.556065, -0.475)] call_forward
[(15462.873713, -0.475), (15462.873713, 0.475), (15511.064718, 0.475), (15511.064718, -0.475), (15462.873713, -0.475)] call_forward
[(1712.962101, -0.475), (1712.962101, 0.475), (1805.642784, 0.475), (1805.642784, -0.475), (1712.962101, -0.475)] call_backward
[(2267.676349, -0.475), (2267.676349, 0.475), (2358.320466, 0.475), (2358.320466, -0.475), (2267.676349, -0.475)] call_backward
[(2939.737084, -0.475), (2939.737084, 0.475), (3032.163049, 0.475), (3032.163049, -0.475), (2939.737084, -0.475)] call_backward
[(3698.660226, -0.475), (3698.660226, 0.475), (3790.594448, 0.475), (3790.594448, -0.475), (3698.660226, -0.475)] call_backward
[(7946.384196, -0.475), (7946.384196, 0.475), (8040.380745, 0.475), (8040.380745, -0.475), (7946.384196, -0.475)] call_backward
[(8257.350634, -0.475), (8257.350634, 0.475), (8349.259992, 0.475), (8349.259992, -0.475), (8257.350634, -0.475)] call_backward
[(9147.089479, -0.475), (9147.089479, 0.475), (9238.627671, 0.475), (9238.627671, -0.475), (9147.089479, -0.475)] call_backward
[(9400.061278, -0.475), (9400.061278, 0.475), (9491.184208, 0.475), (9491.184208, -0.475), (9400.061278, -0.475)] call_backward
[(13981.178364, -0.475), (13981.178364, 0.475), (14075.551807, 0.475), (14075.551807, -0.475), (13981.178364, -0.475)] call_backward
[(14186.054614, -0.475), (14186.054614, 0.475), (14277.281192, 0.475), (14277.281192, -0.475), (14186.054614, -0.475)] call_backward
[(14776.943924, -0.475), (14776.943924, 0.475), (14868.816546, 0.475), (14868.816546, -0.475), (14776.943924, -0.475)] call_backward
[(15511.454572, -0.475), (15511.454572, 0.475), (15602.839101, 0.475), (15602.839101, -0.475), (15511.454572, -0.475)] call_backward
[(4473.559868, -0.475), (4473.559868, 0.475), (4526.036292, 0.475), (4526.036292, -0.475), (4473.559868, -0.475)] call_backward:up_pipe
[(4907.741724, -0.475), (4907.741724, 0.475), (4959.793351, 0.475), (4959.793351, -0.475), (4907.741724, -0.475)] call_backward:up_pipe
[(5360.913924, -0.475), (5360.913924, 0.475), (5413.274797, 0.475), (5413.274797, -0.475), (5360.913924, -0.475)] call_backward:up_pipe
[(6055.711799, -0.475), (6055.711799, 0.475), (6108.059393, 0.475), (6108.059393, -0.475), (6055.711799, -0.475)] call_backward:up_pipe
[(10253.656869, -0.475), (10253.656869, 0.475), (10306.019918, 0.475), (10306.019918, -0.475), (10253.656869, -0.475)] call_backward:up_pipe
[(10547.925433, -0.475), (10547.925433, 0.475), (10599.825156, 0.475), (10599.825156, -0.475), (10547.925433, -0.475)] call_backward:up_pipe
[(11275.525618, -0.475), (11275.525618, 0.475), (11327.401374, 0.475), (11327.401374, -0.475), (11275.525618, -0.475)] call_backward:up_pipe
[(11939.634839, -0.475), (11939.634839, 0.475), (11991.750241, 0.475), (11991.750241, -0.475), (11939.634839, -0.475)] call_backward:up_pipe
[(16261.402044, -0.475), (16261.402044, 0.475), (16313.672069, 0.475), (16313.672069, -0.475), (16261.402044, -0.475)] call_backward:up_pipe
[(16560.264795, -0.475), (16560.264795, 0.475), (16612.26727, 0.475), (16612.26727, -0.475), (16560.264795, -0.475)] call_backward:up_pipe
[(16928.944369, -0.475), (16928.944369, 0.475), (16981.53932, 0.475), (16981.53932, -0.475), (16928.944369, -0.475)] call_backward:up_pipe
[(17408.69625, -0.475), (17408.69625, 0.475), (17461.617537, 0.475), (17461.617537, -0.475), (17408.69625, -0.475)] call_backward:up_pipe
[(4526.165124, -0.475), (4526.165124, 0.475), (4600.180871, 0.475), (4600.180871, -0.475), (4526.165124, -0.475)] nb_sync_grad
[(10306.130925, -0.475), (10306.130925, 0.475), (10455.191054, 0.475), (10455.191054, -0.475), (10306.130925, -0.475)] nb_sync_grad
[(16313.672869, -0.475), (16313.672869, 0.475), (16390.256125, 0.475), (16390.256125, -0.475), (16313.672869, -0.475)] nb_sync_grad
[(6108.060256, -0.475), (6108.060256, 0.475), (6182.290786, 0.475), (6182.290786, -0.475), (6108.060256, -0.475)] nb_sync_grad:up_pipe
[(11991.751009, -0.475), (11991.751009, 0.475), (12067.4175, 0.475), (12067.4175, -0.475), (11991.751009, -0.475)] nb_sync_grad:up_pipe
[(17461.907327, -0.475), (17461.907327, 0.475), (17663.345545, 0.475), (17663.345545, -0.475), (17461.907327, -0.475)] nb_sync_grad:up_pipe
avg duration 6074.46664
avg duration 1249.0905785
avg duration 1249.0905785
avg duration 1273.5668555
avg duration 1273.5668555
avg duration 1337.5832215
avg duration 1302.6322745
avg duration 1248.631909
avg duration 1068.9739965
avg duration 1080.684477
avg duration 1075.3167355
